1
6 10
1 2 3 6 4 5 
5 2 1 3 6 4 
1 2 5 4 3 6 
1 3 2 5 6 4 
1 5 3 2 6 4 
2 1 5 3 6 4 
1 3 2 6 5 4 
2 1 5 4 3 6 
2 1 3 4 6 5 
5 2 1 3 4 6 

1
12 10
1 2 3 4 5 6 10 7 8 11 9 12 
1 2 3 4 5 6 8 10 11 9 12 7 
1 2 3 4 5 6 7 9 10 8 11 12 
1 2 3 4 5 6 9 8 10 7 11 12 
1 2 3 4 5 6 8 7 10 9 12 11 
1 2 3 4 5 6 8 9 10 12 7 11 
1 2 3 4 5 6 7 10 9 8 11 12 
1 2 3 4 5 6 8 9 10 12 11 7 
1 2 3 4 5 6 8 7 11 9 10 12 
1 2 3 4 5 6 10 8 7 11 9 12 

2
6 30
1 2 4 3 6 5 
4 1 2 6 3 5 
1 4 6 2 3 5 
2 1 3 4 5 6 
2 4 1 3 6 5 
2 1 3 4 6 5 
2 1 3 6 4 5 
4 1 6 2 3 5 
4 1 2 3 5 6 
4 2 1 3 6 5 
1 2 4 3 5 6 
2 1 6 4 3 5 
2 1 4 3 6 5 
1 2 3 6 4 5 
1 2 3 4 5 6 
2 4 1 3 5 6 
2 4 1 6 3 5 
2 1 4 3 5 6 
4 2 1 6 3 5 
1 4 2 3 5 6 
1 2 4 6 3 5 
2 1 6 3 4 5 
1 2 6 4 3 5 
1 6 2 3 4 5 
1 6 4 2 3 5 
2 1 4 6 3 5 
4 1 2 3 6 5 
1 2 6 3 4 5 
1 4 2 6 3 5 
1 2 3 4 6 5 
8 30
1 4 3 2 6 8 5 7 
1 3 2 6 4 8 5 7 
1 2 3 4 7 6 8 5 
1 3 4 7 2 6 8 5 
1 2 4 3 6 5 8 7 
1 3 2 4 5 6 7 8 
1 2 3 6 4 8 7 5 
1 3 2 4 5 6 8 7 
1 2 4 3 6 7 8 5 
1 4 3 7 2 6 5 8 
1 3 4 7 2 5 6 8 
1 3 2 4 6 5 8 7 
1 4 2 7 3 6 5 8 
1 2 3 4 5 7 6 8 
1 4 2 3 6 7 5 8 
1 3 4 2 5 6 8 7 
1 3 4 2 6 5 8 7 
1 2 3 6 8 4 5 7 
1 2 4 7 3 5 6 8 
1 3 2 4 6 7 5 8 
1 4 3 2 6 7 8 5 
1 4 3 2 5 6 8 7 
1 3 4 2 5 7 6 8 
1 2 3 6 4 5 7 8 
1 2 3 6 4 7 5 8 
1 3 2 4 6 8 5 7 
1 2 4 3 6 8 5 7 
1 3 4 2 6 8 5 7 
1 3 4 2 6 8 7 5 
1 3 4 2 6 5 7 8 